=== KEYFRAMES — valores servo ===
KF        S01    S02    S03    S04    S05    S06    S07    S08    S09    S10    S11    S12    S13    S14    S15    S16
----------------------------------------------------------------------------------------------------------------------
neutro     90     90     90     90     90     90     90    120    145     95     90     90     60     30     95     90
KF1        90     90     90     90     90     90     91    118    145     90     92     85     70     33     98     88
KF2        90     90     90     90     90     90     88    128    140     96     92     85     66     34     89     84
KF3        90     90     90     90     90     90     89    125    150     93     86     85     33     16     81     96
KF4        90     90     90     90     90     90     78    126    147    100     89     85     41     19     94     93
KF5        90     90     90     90     90     90     85    141    146     88     98     85     63     26    104     85
KF6        90     90     90     90     90     90     84    148    143     84     94     85     63     28     92     81
KF7        90     90     90     90     90     90     85    124    150     92     93     85     35     14     92     94
KF8        90     90     90     90     90     90     75    123    147     98     93     85     47     18    102     91
KF9        90     90     90     90     90     90     80    131    146     92     97     85     60     21    107     88
KF10       90     90     90     90     90     90     85    139    142     83    100     85     66     25    100     83
KF11       90     90     90     90     90     90     90    124    146     94     93     86     36      8     91     93
KF12       90     90     90     90     90     90     80    126    143    101     91     85     41     11    102     90
KF13       90     90     90     90     90     90     79    132    142     99     92     85     55     16    111     87
KF14       90     90     90     90     90     90     86    140    141     92     96     85     61     19    114     84
KF15       90     90     90     90     90     90     85    146    140     90     95     85     59     21    102     81
KF16       90     90     90     90     90     90     89    131    150     90     91     85     31      4     91     95
----------------------------------------------------------------------------------------------------------------------

=== KEYFRAMES — angulos MuJoCo (grados) ===
KF        J00    J01    J02    J03    J04    J05    J06    J07    J08    J09    J10    J11    J12    J13    J14    J15
----------------------------------------------------------------------------------------------------------------------
KF1      -0.6   +2.4   +0.3   +5.3   -1.5   +0.0   +0.0   +0.0   +4.8  +10.2   +3.4   +3.1   -1.5   +0.0   +0.0   +0.0   x_vel=+0.18
KF2      +1.5   -7.7   +4.8   -0.6   -2.1   +0.0   +0.0   +0.0   +4.8   +5.6   +3.9   -6.4   -5.9   +0.0   +0.0   +0.0   x_vel=+0.30
KF3      +1.3   -5.3   -4.8   +1.7   +3.5   +0.0   +0.0   +0.0   +4.7  -26.7  -14.2  -14.4   +5.9   +0.0   +0.0   +0.0   x_vel=+0.44
KF4     +11.6   -5.8   -1.9   -4.6   +0.7   +0.0   +0.0   +0.0  +11.1  -19.3  -11.0   -1.2   +2.6   +0.0   +0.0   +0.0   x_vel=+0.28
KF5      +5.1  -21.5   -1.4   +6.7   -7.5   +0.0   +0.0   +0.0   +8.5   +3.5   -3.8   +8.7   -4.9   +0.0   +0.0   +0.0   x_vel=+0.32
KF6      +6.0  -28.1   +1.7  +11.0   -4.0   +0.0   +0.0   +0.0   +9.3   +3.4   -2.4   -2.9   -8.9   +0.0   +0.0   +0.0   x_vel=+0.35
KF7      +4.9   -3.7   -4.9   +2.9   -3.5   +0.0   +0.0   +0.0   +6.8  -24.6  -16.3   -2.7   +4.4   +0.0   +0.0   +0.0   x_vel=+0.37
KF8     +14.6   -3.0   -1.7   -3.2   -2.9   +0.0   +0.0   +0.0   +9.8  -12.8  -12.1   +6.8   +0.8   +0.0   +0.0   +0.0   x_vel=+0.27
KF9      +9.5  -11.0   -1.4   +3.4   -6.9   +0.0   +0.0   +0.0   +8.5   +0.1   -8.6  +12.0   -1.9   +0.0   +0.0   +0.0   x_vel=+0.14
KF10     +5.1  -18.5   +2.9  +11.6   -9.6   +0.0   +0.0   +0.0   +8.2   +5.7   -4.6   +5.1   -6.9   +0.0   +0.0   +0.0   x_vel=+0.40
KF11     +0.2   -4.5   -0.9   +0.7   -3.4   +0.0   +0.0   +0.0   +4.2  -24.5  -21.7   -4.4   +2.7   +0.0   +0.0   +0.0   x_vel=+0.42
KF12     +9.9   -5.9   +1.8   -6.4   -0.6   +0.0   +0.0   +0.0  +10.4  -19.2  -18.8   +6.5   -0.1   +0.0   +0.0   +0.0   x_vel=+0.27
KF13    +11.4  -12.3   +3.1   -4.1   -2.3   +0.0   +0.0   +0.0  +10.1   -5.3  -14.3  +15.5   -3.1   +0.0   +0.0   +0.0   x_vel=+0.13
KF14     +4.3  -20.0   +3.9   +3.1   -5.9   +0.0   +0.0   +0.0   +8.0   +0.6  -11.4  +19.2   -5.9   +0.0   +0.0   +0.0   x_vel=+0.31
KF15     +4.9  -25.5   +5.3   +4.7   -5.1   +0.0   +0.0   +0.0   +8.2   -0.5   -8.8   +6.8   -8.6   +0.0   +0.0   +0.0   x_vel=+0.41
KF16     +0.6  -10.9   -4.9   +4.9   -1.4   +0.0   +0.0   +0.0   +4.5  -28.5  -26.5   -4.3   +5.3   +0.0   +0.0   +0.0   x_vel=+0.46
----------------------------------------------------------------------------------------------------------------------
