=== ANGULOS MUJOCO (grados) — inclinacion real de cada joint ===
Paso       S01   S02   S03   S04   S05   S06   S07   S08   S09   S10   S11   S12   S13   S14   S15   S16
--------------------------------------------------------------------------------------------------------
paso  1   +0.0  +0.0  +0.0  +0.0  +0.0  +0.0  +0.0  +0.0  +0.0  +0.0  +0.0  +0.0  +0.0  +0.0  +0.0  +0.0
paso  2   -1.9  -2.7  +1.3  +1.3  +2.4  +0.6  +0.8  -1.3  -2.6  -2.8  +1.8  +0.2  +2.5  +1.8  -2.8  +2.0
paso  3  -12.6  -0.3  +0.3  -9.9  +2.4  +3.6  -1.9  +8.4  +0.2  +1.8  +5.4  +1.6  +0.7  +4.6 +10.6  +8.9
paso  4  -10.7  -0.1 +11.4 -18.7  +2.4 +14.9  -2.6  +0.6  -6.2  -5.2  +8.8  +0.7 -12.9  +6.6  +1.9  +4.2
paso  5   +3.9  -0.0  +6.6  -6.3  +2.4 +25.9  -3.4  -4.2 -11.4 -14.7  +2.9  -0.0 -13.4  +6.8  +9.2  -0.4
paso  6  +12.6  -0.0  -5.0  +2.1  +2.4 +35.7  -4.0  -9.0 -18.6 -21.9  +3.8  -0.5 -10.6  +7.7 +13.9  -4.2
paso  7   +1.5  -0.0  +6.8  -9.4  +2.5 +33.0  -1.9 -20.8 -13.5  -7.8  -3.9  +1.5  -1.5  +4.9  -0.6  -7.4
paso  8   +2.1  -0.0 +19.2  -2.8  +2.5 +29.4  -0.5 -21.2 -10.0  +7.0  +0.3  +2.8  -0.8  -0.0 -10.3 -10.4
paso  9  +12.7  -0.0 +25.8 +10.1  +2.5 +21.7  -6.5 -11.7  -6.0 +14.0  +4.1  -3.1  -8.1  +1.7 -15.7  -9.5
paso 10  +13.0  -0.0 +15.0  +3.4  +2.5  +7.7  -8.1  -4.3  -2.9 +18.9  +5.0  -4.6 -16.1  +5.1  -6.3  -1.8
paso 11   +9.8  -0.0 +13.9 -10.9  +2.5  -0.3  -8.2  +7.6  +0.2 +18.3  +1.2  -5.6  -8.6  +7.6  +1.2  +5.7
--------------------------------------------------------------------------------------------------------

=== VALORES SERVO exportados al robot ===
Paso       S01   S02   S03   S04   S05   S06   S07   S08   S09   S10   S11   S12   S13   S14   S15   S16
--------------------------------------------------------------------------------------------------------
paso  1     90    90    90    90    90    90    90   120   145    95    90    90    60    30    95    90
paso  2     92    93    89    89    88    89    89   121   148    92    92    90    62    32    98    88
paso  3    103    90    90   100    88    86    92   112   145    97    95    92    61    35    84    81
paso  4    101    90    79   109    88    75    93   119   151    90    99    91    47    37    93    86
paso  5     86    90    83    96    88    64    93   124   156    80    93    90    47    37    86    90
paso  6     77    90    95    88    88    54    94   129   164    73    94    90    49    38    81    94
paso  7     89    90    83    99    88    57    92   141   159    87    86    91    58    35    96    97
paso  8     88    90    71    93    87    61    90   141   155   102    90    93    59    30   105   100
paso  9     77    90    64    80    88    68    96   132   151   109    94    87    52    32   111    99
paso 10     77    90    75    87    88    82    98   124   148   114    95    85    44    35   101    92
paso 11     80    90    76   101    87    90    98   112   145   113    91    84    51    38    94    84
--------------------------------------------------------------------------------------------------------
neutro      90    90    90    90    90    90    90   120   145    95    90    90    60    30    95    90
