=== ANGULOS MUJOCO (grados) — inclinacion real de cada joint ===
Paso       S01   S02   S03   S04   S05   S06   S07   S08   S09   S10   S11   S12   S13   S14   S15   S16
--------------------------------------------------------------------------------------------------------
paso  1   +0.0  +0.0  +0.0  +0.0  +0.0  +0.0  +0.0  +0.0  +0.0  +0.0  +0.0  +0.0  +0.0  +0.0  +0.0  +0.0
paso  2   +0.0  +0.0  +0.0  +0.0  +0.0  +0.0  +0.2  +3.6  +1.4  +8.2  -2.6  +5.2 +12.3  +4.0  +5.1  -2.5
paso  3   +0.0  +0.0  +0.0  +0.0  +0.0  +0.0  +1.5  -7.7  +4.8  -0.6  -2.1  +4.8  +5.6  +3.9  -6.4  -5.9
paso  4   +0.0  +0.0  +0.0  +0.0  +0.0  +0.0  +2.9 -21.1  +5.8  +6.8  +2.1  +6.4  -2.7  +0.2 -17.5  -8.4
paso  5   +0.0  +0.0  +0.0  +0.0  +0.0  +0.0  -3.8 -18.9  +7.2 +14.5  +5.5  -0.4 -14.3  -8.2 -27.8  -1.0
paso  6   +0.0  +0.0  +0.0  +0.0  +0.0  +0.0  +1.3  -5.3  -4.8  +1.7  +3.5  +4.7 -26.7 -14.2 -14.4  +5.9
paso  7   +0.0  +0.0  +0.0  +0.0  +0.0  +0.0 +14.9  -6.1  -1.0  -6.6  -0.2 +13.2 -14.3  -9.8  +2.8  +1.4
paso  8   +0.0  +0.0  +0.0  +0.0  +0.0  +0.0  +7.3 -17.1  -3.6  +4.2  -8.1  +8.3  +2.7  -5.6 +13.0  -2.7
paso  9   +0.0  +0.0  +0.0  +0.0  +0.0  +0.0  +5.6 -25.3  +0.7  +8.9  -6.7  +8.8  +4.3  -2.3  +2.7  -7.0
paso 10   +0.0  +0.0  +0.0  +0.0  +0.0  +0.0  +6.2 -30.5  +2.6 +12.8  -1.7  +9.9  +0.6  -3.2  -6.4 -10.5
paso 11   +0.0  +0.0  +0.0  +0.0  +0.0  +0.0  -2.9 -21.6  +4.6 +16.5  +2.3  -1.2 -10.2 -10.0 -17.1  -3.4
--------------------------------------------------------------------------------------------------------

=== VALORES SERVO exportados al robot ===
Paso       S01   S02   S03   S04   S05   S06   S07   S08   S09   S10   S11   S12   S13   S14   S15   S16
--------------------------------------------------------------------------------------------------------
paso  1     90    90    90    90    90    90    90   120   145    95    90    90    60    30    95    90
paso  2     90    90    90    90    90    90    90   116   144   103    87    95    72    34    90    92
paso  3     90    90    90    90    90    90    92   128   140    94    88    95    66    34   101    96
paso  4     90    90    90    90    90    90    93   141   139   102    92    96    57    30   113    98
paso  5     90    90    90    90    90    90    86   139   138   109    95    90    46    22   123    91
paso  6     90    90    90    90    90    90    91   125   150    97    94    95    33    16   109    84
paso  7     90    90    90    90    90    90   105   126   146    88    90   103    46    20    92    89
paso  8     90    90    90    90    90    90    97   137   149    99    82    98    63    24    82    93
paso  9     90    90    90    90    90    90    96   145   144   104    83    99    64    28    92    97
paso 10     90    90    90    90    90    90    96   151   142   108    88   100    61    27   101   101
paso 11     90    90    90    90    90    90    87   142   140   112    92    89    50    20   112    93
--------------------------------------------------------------------------------------------------------
neutro      90    90    90    90    90    90    90   120   145    95    90    90    60    30    95    90
